4294967278,132
4294967278,131
4294967278,130
4294967278,129
4294967278,128
4294967278,127
4294967278,126
4294967278,125
4294967278,124
4294967278,123
4294967278,122
4294967278,121
4294967278,120
4294967278,119
4294967278,118
4294967278,117
4294967278,116
4294967278,115
4294967278,114
4294967278,113
4294967278,112
4294967278,111
4294967278,72
4294967278,71
4294967278,70
4294967278,69
4294967278,68
4294967278,67
4294967278,66
4294967278,65
4294967278,64
4294967278,63
4294967278,62
4294967278,61
4294967278,60
4294967278,59
4294967278,58
4294967278,57
4294967278,56
4294967278,55
4294967278,54
4294967278,53
4294967278,52
4294967278,51
4294967278,50
4294967278,49
4294967278,48
4294967278,47
4294967278,46
4294967278,45
4294967278,44
4294967278,43
4294967278,154
4294967278,42
4294967278,41
4294967278,40
4294967278,39
4294967278,38
4294967278,37
4294967278,36
4294967278,35
4294967278,34
4294967278,33
4294967278,32
4294967278,31
4294967278,30
4294967278,29
4294967278,28
4294967278,27
4294967278,26
4294967278,137
4294967278,25
4294967278,24
4294967278,23
4294967278,22
4294967278,21
4294967278,20
4294967278,282
4294967278,19
4294967278,18
4294967278,17
4294967278,16
4294967278,15
4294967278,14
4294967278,13
4294967278,12
4294967278,11
4294967278,10
4294967278,9
4294967278,8
4294967278,7
4294967278,6
4294967278,5
4294967278,276
4294967278,4
4294967279,132
4294967279,131
4294967279,130
4294967279,129
4294967279,128
4294967279,127
4294967279,126
4294967279,125
4294967279,124
4294967279,123
4294967279,122
4294967279,121
4294967279,120
4294967279,119
4294967279,118
4294967279,117
4294967279,116
4294967279,115
4294967279,114
4294967279,113
4294967279,112
4294967279,111
4294967279,110
4294967279,109
4294967279,108
4294967279,107
4294967279,106
4294967279,105
4294967279,104
4294967279,103
4294967279,102
4294967279,101
4294967279,100
4294967279,99
4294967279,98
4294967279,97
4294967279,96
4294967279,95
4294967279,94
4294967279,93
4294967279,92
4294967279,91
4294967279,90
4294967279,89
4294967279,87
4294967279,86
4294967279,85
4294967279,84
4294967279,83
4294967279,82
4294967279,81
4294967279,80
4294967279,79
4294967279,78
4294967279,77
4294967279,76
4294967279,75
4294967279,74
4294967279,73
4294967279,72
4294967279,71
4294967279,70
4294967279,69
4294967279,68
4294967279,67
4294967279,66
4294967279,65
4294967279,64
4294967279,63
4294967279,62
4294967279,61
4294967279,60
4294967279,59
4294967279,58
4294967279,57
4294967279,56
4294967279,55
4294967279,54
4294967279,50
4294967279,48
4294967279,47
4294967279,46
4294967279,45
4294967279,44
4294967279,43
4294967279,40
4294967279,38
4294967279,37
4294967279,36
4294967279,35
4294967279,34
4294967279,32
4294967279,31
4294967279,30
4294967279,29
4294967279,28
4294967279,27
4294967279,26
4294967279,25
4294967279,24
4294967279,23
4294967279,22
4294967279,21
4294967279,20
4294967279,19
4294967279,18
4294967279,17
4294967279,16
4294967279,10
4294967279,9
4294967279,8
4294967279,7
4294967279,6
4294967279,279
4294967279,5
4294967279,273
4294967279,4
4294967294,94
4294967294,451
4294967294,400
4294967294,397
4294967294,116
4294967294,114
4294967294,109
4294967294,111
4294967294,104
4294967294,110
4294967294,123
4294967294,14
4294967294,122
4294967294,13
4294967294,962
4294967294,960
4294967294,904
4294967294,827
4294967294,435
4294967294,182
4294967294,166
4294967294,158
4294967279,165
4294967279,292
4294967279,53
4294967278,294
4294967279,291
4294967279,52
4294967278,293
4294967279,290
4294967279,51
4294967279,161
4294967294,36
4294967278,292
4294967279,160
4294967279,289
4294967279,49
4294967279,159
4294967279,158
4294967279,157
9,6
9,5
4294967279,156
9,4
9,3
9,2
9,1
9,0
4294967278,291
4294967279,155
4294967294,39
4294967294,35
4294967294,384
4294967294,386
4294967294,939
4294967279,288
4294967279,42
4294967278,290
4294967294,41
4294967294,38
4294967294,42
4294967279,287
